Précision sur l'ensemble de validation : 95.23%
Rapport de classification :
              precision    recall  f1-score   support

           0       0.98      0.95      0.96       600
           1       0.95      0.96      0.96       600
           2       0.99      0.98      0.99       600
           3       0.98      0.98      0.98       600
           4       0.93      0.93      0.93       600
           5       0.98      0.99      0.98       600
           6       0.97      0.96      0.96       600
           7       0.97      0.97      0.97       600
           8       0.93      0.94      0.94       600
           9       0.98      0.96      0.97       600
          10       0.96      0.95      0.95       600
          11       0.97      0.98      0.98       600
          12       0.96      0.94      0.95       600
          13       0.96      0.95      0.96       600
          14       0.95      0.97      0.96       600
          15       0.98      0.97      0.97       600
          16       0.98      0.98      0.98       600
          17       0.90      0.90      0.90       600
          18       0.94      0.92      0.93       600
          19       0.93      0.96      0.95       600
          20       0.85      0.90      0.88       600
          21       0.90      0.86      0.88       600
          22       0.89      0.93      0.91       600
          23       0.92      0.93      0.92       600
          24       0.97      0.94      0.95       600
          25       0.97      0.97      0.97       600
          26       0.98      0.97      0.98       600
          27       1.00      1.00      1.00       600
          28       0.97      0.98      0.98       600

    accuracy                           0.95     17400
   macro avg       0.95      0.95      0.95     17400
weighted avg       0.95      0.95      0.95     17400

Matrice de confusion :
[[570   3   0   0   6   1   0   0   2   0   2   1   2   0   0   0   0   2
    3   1   2   1   1   2   0   1   0   0   0]
 [  1 579   0   1   7   0   0   0   1   0   2   0   1   0   0   0   0   2
    0   0   2   0   3   0   0   1   0   0   0]
 [  1   1 588   2   1   3   0   0   0   0   0   0   0   0   1   0   1   0
    0   0   0   0   0   0   0   2   0   0   0]
 [  0   1   3 587   0   0   0   0   0   0   2   0   0   0   3   0   0   1
    0   0   1   0   1   0   0   1   0   0   0]
 [  7   9   0   1 557   2   0   0  10   0   0   3   3   0   0   0   0   1
    2   4   1   0   0   0   0   0   0   0   0]
 [  0   0   0   2   2 592   0   0   0   0   1   0   0   0   0   0   0   0
    0   1   0   1   0   1   0   0   0   0   0]
 [  1   0   0   1   0   1 574  13   0   0   1   0   0   0   0   0   0   1
    1   0   1   0   0   4   2   0   0   0   0]
 [  1   1   1   0   1   0   9 580   0   4   1   0   0   1   0   0   0   0
    0   1   0   0   0   0   0   0   0   0   0]
 [  1   2   0   3   9   0   0   0 565   2   1   1   0   0   1   0   0   4
    2   1   1   1   1   4   0   0   0   0   1]
 [  0   2   0   0   1   0   2   4   1 574   0   0   1   0   0   2   1   1
    0   0   2   0   1   0   2   4   0   0   2]
 [  0   2   0   0   1   0   1   0   2   0 572   1   0   0   0   0   0   5
    0   0   1   7   7   0   0   0   0   0   1]
 [  0   0   0   0   3   0   0   0   0   0   1 587   0   0   1   0   0   0
    0   2   0   2   2   0   0   2   0   0   0]
 [  1   1   0   0   1   0   0   1   1   0   1   2 565  13   2   0   0   0
    4   1   1   1   3   0   0   2   0   0   0]
 [  0   0   0   0   1   0   1   0   0   0   0   2  11 572   0   0   0   1
    3   0   0   0   3   3   0   0   2   0   1]
 [  0   0   0   4   1   0   0   0   0   0   0   0   1   2 580   0   0   0
    4   3   3   0   1   0   0   1   0   0   0]
 [  0   0   0   0   0   0   1   1   0   0   0   0   0   0   2 583   7   0
    1   2   0   1   0   1   0   0   0   0   1]
 [  0   0   0   0   0   0   0   1   0   0   0   0   0   0   0   7 586   0
    0   0   0   0   0   1   0   1   4   0   0]
 [  0   2   0   0   0   0   0   0   6   0   3   0   0   0   5   1   0 539
    5   0  29   4   0   5   1   0   0   0   0]
 [  1   0   0   0   1   0   0   0   0   0   0   0   0   3   3   0   0   2
  551   8   8   1   6  10   2   0   2   0   2]
 [  0   0   0   0   1   0   0   0   1   0   0   3   0   2   2   1   0   1
    2 574   0   0   3   3   6   1   0   0   0]
 [  0   0   0   0   2   1   0   0   5   0   1   0   0   0   4   0   0  16
    0   3 541  20   2   3   1   0   0   0   1]
 [  0   2   0   0   0   0   0   0   2   0   3   2   0   0   3   0   0  15
    0   0  24 519  23   3   1   1   0   0   2]
 [  0   2   0   0   0   2   0   0   1   0   6   0   1   0   0   0   0   5
    0   0   5  11 560   2   3   0   0   0   2]
 [  0   0   0   0   0   0   3   0   7   1   0   0   1   0   1   0   0   3
    7   2  10   4   5 555   0   0   1   0   0]
 [  0   1   0   0   0   2   3   0   3   1   0   1   1   1   1   1   0   0
    2   6   1   3   4   2 565   1   1   0   0]
 [  0   0   0   0   1   0   0   0   0   0   0   0   0   0   2   0   0   1
    0   4   0   0   3   4   2 583   0   0   0]
 [  0   2   1   0   0   0   0   0   0   1   0   0   2   1   0   1   1   0
    1   0   0   0   0   1   0   0 583   0   6]
 [  0   0   0   0   0   0   0   0   0   0   0   0   0   0   0   0   0   0
    0   0   0   0   1   0   0   0   0 599   0]
 [  0   0   0   0   0   0   0   0   0   0   1   1   0   1   0   0   1   2
    0   1   0   1   0   0   0   0   2   0 590]]